5
2
2
7 5 6 7 0 -1
9 7 2 7 0 3
tilted_haar_x3
5.244504e-03 1 0
3
59 19 4 24 0 -1
59 19 2 12 0 2
61 31 2 12 0 2
haar_x2_y2
-4.467853e-03 -1 -2
9.313150e-01 9.019802e-01 -3.065742e-01 
2
2
54 36 2 1 0 -1
55 36 1 1 0 2
haar_x2
3.902098e-05 1 0
2
4 29 6 2 0 -1
6 29 2 2 0 3
haar_x3
-1.757654e-05 -1 -2
-5.790111e-01 -2.479510e-01 5.895945e-01 
2
3
33 23 4 8 0 -1
33 23 2 4 0 2
35 27 2 4 0 2
haar_x2_y2
-7.208364e-05 0 1
2
36 19 1 8 0 -1
36 23 1 4 0 2
haar_y2
-1.392174e-04 -1 -2
5.347024e-01 3.016668e-01 -6.925507e-01 
2
2
56 31 7 8 0 -1
54 33 7 4 0 2
tilted_haar_y4
8.637798e-04 1 0
2
45 4 12 10 0 -1
48 7 6 10 0 2
tilted_haar_x4
6.214503e-03 -1 -2
-4.774487e-01 6.140287e-01 -7.504124e-01 
2
2
47 33 5 12 0 -1
47 36 5 6 0 2
haar_y4
9.886436e-04 1 0
2
29 13 12 12 0 -1
29 16 12 6 0 2
haar_y4
-7.757524e-03 -1 -2
5.938279e-01 8.737255e-01 -4.511719e-01 
-9.484434e-01

16
-1
