4
2
2
0 12 30 13 0 -1
15 12 15 13 0 2
haar_x2
-2.437402e-02 1 0
2
31 9 30 24 0 -1
41 17 10 8 0 9
haar_point
-6.484296e-04 -1 -2
-4.744956e-01 8.279717e-01 -3.815473e-01 
2
2
13 3 15 12 0 -1
13 7 15 4 0 3
haar_y3
-3.896640e-03 0 1
2
26 38 8 6 0 -1
26 40 8 2 0 3
haar_y3
2.282578e-03 -1 -2
7.369125e-01 -4.985348e-01 9.118062e-01 
2
2
19 17 13 3 0 -1
19 18 13 1 0 3
haar_y3
-2.569276e-04 0 1
2
43 0 19 3 0 -1
42 1 19 1 0 3
tilted_haar_y3
-4.099032e-04 -1 -2
8.634806e-01 6.374668e-01 -5.216283e-01 
2
2
31 4 14 4 0 -1
31 5 14 2 0 2
haar_y4
-5.643400e-04 0 1
2
57 1 3 30 0 -1
58 1 1 30 0 3
haar_x3
-7.591608e-04 -1 -2
8.431160e-01 8.831804e-01 -4.949428e-01 
-8.305063e-01

4
-1
