4
2
2
23 35 12 12 0 -1
23 39 12 4 0 3
haar_y3
-1.075848e-02 0 1
2
20 33 11 15 0 -1
20 38 11 5 0 3
haar_y3
1.606271e-02 -1 -2
8.878292e-01 -4.710361e-01 5.460358e-01 
2
2
0 0 56 47 0 -1
28 0 28 47 0 2
haar_x2
7.239881e-02 1 0
2
28 44 2 1 0 -1
29 44 1 1 0 2
haar_x2
-4.679090e-05 -1 -2
-6.730424e-01 -5.630938e-01 6.150602e-01 
2
2
24 11 4 24 0 -1
16 19 4 8 0 3
tilted_haar_y3
-5.783351e-03 1 0
2
31 3 12 21 0 -1
24 10 12 7 0 3
tilted_haar_y3
2.963454e-02 -1 -2
-4.739005e-01 8.111192e-01 -7.997774e-01 
2
2
59 2 2 2 0 -1
59 2 2 1 0 2
tilted_haar_y2
1.715387e-05 1 0
2
56 6 6 2 0 -1
58 6 2 2 0 3
haar_x3
-1.961742e-04 -1 -2
-5.886942e-01 -5.702831e-01 7.514207e-01 
-9.185706e-01

10
-1
