5
2
2
28 4 27 44 0 -1
28 15 27 22 0 2
haar_y4
-8.224127e-02 0 1
2
44 38 4 9 0 -1
44 41 4 3 0 3
haar_y3
-2.213339e-03 -1 -2
6.522946e-01 8.059384e-01 -5.687873e-01 
2
2
10 4 4 1 0 -1
11 4 2 1 0 2
haar_x4
-1.861765e-05 1 0
3
23 5 26 16 0 -1
23 5 13 8 0 2
36 13 13 8 0 2
haar_x2_y2
-1.761477e-02 -1 -2
3.850888e-01 8.666088e-01 -7.273948e-01 
2
3
5 37 50 10 0 -1
5 37 25 5 0 2
30 42 25 5 0 2
haar_x2_y2
1.708887e-02 1 0
2
33 35 11 9 0 -1
33 38 11 3 0 3
haar_y3
7.293507e-03 -1 -2
7.928258e-01 -5.146971e-01 1.000002e+00 
2
3
37 17 2 6 0 -1
37 17 1 3 0 2
38 20 1 3 0 2
haar_x2_y2
-2.062336e-06 0 1
2
16 27 17 4 0 -1
15 28 17 2 0 2
tilted_haar_y4
-1.617391e-03 -1 -2
6.153092e-01 6.137391e-01 -6.140242e-01 
2
2
41 1 2 19 0 -1
41 1 1 19 0 2
tilted_haar_x2
1.262492e-04 1 0
2
45 8 7 12 0 -1
45 14 7 6 0 2
haar_y2
-7.160489e-03 -1 -2
4.574591e-01 6.713908e-01 -7.052237e-01 
-8.549607e-01

9
-1
