5
2
2
14 19 14 14 0 -1
14 19 14 7 0 2
tilted_haar_y2
-2.666139e-02 0 1
2
15 26 39 8 0 -1
15 28 39 4 0 2
haar_y4
5.535135e-03 -1 -2
7.162313e-01 -6.570010e-01 1.000008e+00 
2
2
56 1 4 1 0 -1
57 1 2 1 0 2
haar_x4
2.377423e-05 1 0
2
11 2 24 5 0 -1
11 2 12 5 0 2
tilted_haar_x2
1.221098e-02 -1 -2
-6.561974e-01 -3.301283e-01 8.229527e-01 
2
2
25 0 4 3 0 -1
26 0 2 3 0 2
haar_x4
3.416640e-05 1 0
2
0 16 64 32 0 -1
32 16 32 32 0 2
haar_x2
-1.902331e-01 -1 -2
-5.243085e-01 -8.816562e-01 7.321340e-01 
2
2
11 22 40 18 0 -1
31 22 20 18 0 2
haar_x2
3.205763e-02 1 0
2
29 20 34 4 0 -1
46 20 17 4 0 2
haar_x2
-1.786786e-02 -1 -2
-7.027687e-01 -7.812319e-01 7.046670e-01 
2
2
58 8 4 39 0 -1
59 8 2 39 0 2
haar_x4
1.418532e-03 1 0
2
3 33 43 8 0 -1
3 35 43 4 0 2
haar_y4
6.470592e-03 -1 -2
8.663366e-01 -5.696449e-01 9.793339e-01 
-4.802457e-01

0
-1
