5
2
3
0 0 12 20 0 -1
0 0 6 10 0 2
6 10 6 10 0 2
haar_x2_y2
-1.319565e-02 0 1
3
0 2 40 16 0 -1
0 2 20 8 0 2
20 10 20 8 0 2
haar_x2_y2
-3.733239e-02 -1 -2
9.388003e-01 7.653685e-01 -3.595911e-01 
2
3
9 4 28 8 0 -1
9 4 14 4 0 2
23 8 14 4 0 2
haar_x2_y2
3.379249e-03 1 0
2
63 9 1 14 0 -1
63 16 1 7 0 2
haar_y2
1.686985e-03 -1 -2
5.751568e-01 -4.296959e-01 9.007008e-01 
2
2
35 20 2 4 0 -1
36 20 1 4 0 2
haar_x2
2.279137e-06 1 0
2
17 10 12 9 0 -1
21 13 4 3 0 9
haar_point
1.427265e-02 -1 -2
4.606291e-01 -5.727425e-01 9.999967e-01 
2
2
54 12 4 6 0 -1
54 12 2 6 0 2
tilted_haar_x2
1.470945e-03 1 0
2
1 27 42 3 0 -1
15 28 14 1 0 9
haar_point
-3.154941e-02 -1 -2
-6.625649e-01 -8.145834e-01 4.483544e-01 
2
2
17 26 2 12 0 -1
17 30 2 4 0 3
haar_y3
-5.679729e-04 0 1
3
0 4 4 34 0 -1
0 4 2 17 0 2
2 21 2 17 0 2
haar_x2_y2
-3.828640e-03 -1 -2
4.958324e-01 8.750708e-01 -5.736284e-01 
-4.953903e-01

14
-1
