5
2
3
46 0 18 34 0 -1
46 0 9 17 0 2
55 17 9 17 0 2
haar_x2_y2
2.169910e-02 1 0
2
8 9 33 4 0 -1
7 10 33 2 0 2
tilted_haar_y4
-2.963089e-03 -1 -2
7.043229e-01 1.000000e+00 -4.744920e-01 
2
2
1 25 1 2 0 -1
1 26 1 1 0 2
haar_y2
-5.233319e-06 0 1
2
1 32 2 4 0 -1
1 33 2 2 0 2
haar_y4
-6.153170e-05 -1 -2
-5.901366e-01 -3.059988e-01 7.950226e-01 
2
2
34 0 8 1 0 -1
36 0 4 1 0 2
haar_x4
2.082571e-05 1 0
2
61 8 2 2 0 -1
61 8 2 1 0 2
tilted_haar_y2
9.750536e-05 -1 -2
-4.455820e-01 7.884760e-01 -3.605743e-01 
2
2
6 9 10 30 0 -1
11 9 5 30 0 2
haar_x2
-1.018679e-02 0 1
2
22 19 4 20 0 -1
17 24 4 10 0 2
tilted_haar_y4
1.652577e-02 -1 -2
5.366775e-01 -6.237532e-01 9.373865e-01 
2
2
30 3 10 6 0 -1
30 5 10 2 0 3
haar_y3
-9.968996e-04 0 1
3
55 0 8 28 0 -1
55 0 4 14 0 2
59 14 4 14 0 2
haar_x2_y2
1.248962e-02 -1 -2
6.878938e-01 -5.312215e-01 1.000003e+00 
-1.220617e+00

6
-1
