4
2
2
46 9 18 25 0 -1
55 9 9 25 0 2
haar_x2
3.170718e-02 1 0
2
44 34 8 5 0 -1
46 36 4 5 0 2
tilted_haar_x4
5.277053e-03 -1 -2
6.122571e-01 -5.377776e-01 8.812410e-01 
2
3
58 9 6 14 0 -1
58 9 3 7 0 2
61 16 3 7 0 2
haar_x2_y2
1.559803e-03 1 0
2
3 1 25 32 0 -1
3 17 25 16 0 2
haar_y2
-3.966020e-02 -1 -2
6.448402e-01 3.984520e-01 -7.089326e-01 
2
2
25 35 7 3 0 -1
24 36 7 1 0 3
tilted_haar_y3
-7.184381e-04 0 1
2
34 22 1 12 0 -1
34 26 1 4 0 3
haar_y3
-2.687028e-04 -1 -2
8.734052e-01 3.870126e-01 -6.079955e-01 
2
3
24 38 24 10 0 -1
24 38 12 5 0 2
36 43 12 5 0 2
haar_x2_y2
1.037943e-02 1 0
2
10 11 2 2 0 -1
10 11 2 1 0 2
tilted_haar_y2
-6.250016e-05 -1 -2
8.155984e-01 -7.409013e-01 2.361838e-01 
-6.235139e-01

8
-1
