5
2
2
1 7 14 27 0 -1
8 7 7 27 0 2
haar_x2
-6.946190e-03 1 0
2
9 26 28 15 0 -1
16 26 14 15 0 2
haar_x4
-1.375723e-04 -1 -2
-5.002187e-01 7.987578e-01 -3.050139e-01 
2
2
15 46 3 2 0 -1
15 47 3 1 0 2
haar_y2
7.552833e-05 1 0
3
1 6 22 20 0 -1
1 6 11 10 0 2
12 16 11 10 0 2
haar_x2_y2
-2.521053e-04 -1 -2
-5.682424e-01 7.308379e-01 -1.992121e-01 
2
2
61 25 1 3 0 -1
61 26 1 1 0 3
haar_y3
6.521552e-06 1 0
3
20 14 2 16 0 -1
20 14 1 8 0 2
21 22 1 8 0 2
haar_x2_y2
-3.976350e-04 -1 -2
-5.501873e-01 -3.539905e-01 5.896846e-01 
2
3
18 4 12 4 0 -1
18 4 6 2 0 2
24 6 6 2 0 2
haar_x2_y2
6.045607e-04 1 0
2
49 7 2 9 0 -1
50 7 1 9 0 2
haar_x2
4.449683e-04 -1 -2
5.997728e-01 -5.142975e-01 8.716936e-01 
2
2
25 14 2 2 0 -1
25 14 2 1 0 2
tilted_haar_y2
2.139767e-05 0 1
3
24 12 2 2 0 -1
24 12 1 1 0 2
25 13 1 1 0 2
haar_x2_y2
2.714716e-05 -1 -2
-4.042137e-01 7.739657e-01 -4.367086e-01 
-1.041986e+00

15
-1
