5
2
3
1 36 38 12 0 -1
1 36 19 6 0 2
20 42 19 6 0 2
haar_x2_y2
1.762361e-02 1 0
3
20 40 32 6 0 -1
20 40 16 3 0 2
36 43 16 3 0 2
haar_x2_y2
7.635686e-03 -1 -2
6.346943e-01 -4.520486e-01 6.943797e-01 
2
3
52 16 12 32 0 -1
52 16 6 16 0 2
58 32 6 16 0 2
haar_x2_y2
-1.712757e-02 0 1
2
16 8 3 39 0 -1
17 21 1 13 0 9
haar_point
-2.059298e-02 -1 -2
6.719344e-01 7.159274e-01 -4.877243e-01 
2
2
12 5 1 2 0 -1
12 5 1 1 0 2
tilted_haar_y2
-1.304770e-04 0 1
2
47 1 8 7 0 -1
49 3 4 7 0 2
tilted_haar_x4
-4.922867e-03 -1 -2
-6.906956e-01 -7.406144e-01 5.056048e-01 
2
2
0 4 44 4 0 -1
0 5 44 2 0 2
haar_y4
-3.203101e-04 0 1
3
9 31 18 2 0 -1
9 31 9 1 0 2
18 32 9 1 0 2
haar_x2_y2
-5.904040e-04 -1 -2
5.581707e-01 6.787882e-01 -5.655341e-01 
2
2
7 7 10 2 0 -1
7 7 10 1 0 2
tilted_haar_y2
4.876060e-04 1 0
2
17 2 15 11 0 -1
22 2 5 11 0 3
haar_x3
-1.589415e-02 -1 -2
-6.149858e-01 -1.000000e+00 5.209599e-01 
-6.382185e-01

13
-1
