5
2
2
51 25 9 8 0 -1
54 28 3 8 0 3
tilted_haar_x3
-7.072159e-03 0 1
2
46 24 15 8 0 -1
51 29 5 8 0 3
tilted_haar_x3
1.907996e-02 -1 -2
9.395329e-01 -4.558664e-01 5.780638e-01 
2
2
49 3 4 1 0 -1
51 3 2 1 0 2
haar_x2
1.288651e-05 1 0
2
30 3 15 35 0 -1
35 3 5 35 0 3
haar_x3
-2.340100e-02 -1 -2
-5.026443e-01 -7.218013e-01 5.404298e-01 
2
2
32 35 1 12 0 -1
32 35 1 6 0 2
tilted_haar_y2
-2.059135e-03 0 1
2
30 32 5 16 0 -1
30 36 5 8 0 2
haar_y4
7.638788e-03 -1 -2
6.294177e-01 -5.316302e-01 7.644613e-01 
2
2
47 20 14 9 0 -1
47 23 14 3 0 3
haar_y3
-5.381532e-04 0 1
3
0 23 4 14 0 -1
0 23 2 7 0 2
2 30 2 7 0 2
haar_x2_y2
1.757771e-03 -1 -2
5.099143e-01 -6.034079e-01 8.881322e-01 
2
2
46 32 8 7 0 -1
48 34 4 7 0 2
tilted_haar_x4
-4.148628e-03 0 1
2
56 9 4 22 0 -1
57 9 2 22 0 2
haar_x4
-5.170079e-04 -1 -2
8.231037e-01 4.910837e-01 -5.546283e-01 
-7.876919e-01

12
-1
