5
2
2
13 1 2 1 0 -1
14 1 1 1 0 2
haar_x2
-2.689989e-05 0 1
2
2 15 1 2 0 -1
2 16 1 1 0 2
haar_y2
4.823377e-06 -1 -2
-6.750989e-01 6.017936e-01 -4.069212e-01 
2
2
46 5 9 28 0 -1
46 12 9 14 0 2
haar_y4
-1.096116e-02 0 1
2
2 6 3 24 0 -1
3 14 1 8 0 9
haar_point
1.947753e-03 -1 -2
5.842703e-01 -6.513676e-01 3.920686e-01 
2
2
32 26 6 6 0 -1
32 28 6 2 0 3
haar_y3
-1.028691e-04 0 1
2
27 17 13 21 0 -1
27 24 13 7 0 3
haar_y3
2.141648e-02 -1 -2
5.575002e-01 -5.042269e-01 8.255720e-01 
2
3
4 26 2 2 0 -1
4 26 1 1 0 2
5 27 1 1 0 2
haar_x2_y2
-5.926365e-06 0 1
2
29 0 21 23 0 -1
36 0 7 23 0 3
haar_x3
-2.087367e-02 -1 -2
-5.616404e-01 -6.071020e-01 7.197130e-01 
2
2
10 3 4 2 0 -1
11 3 2 2 0 2
haar_x4
1.418245e-05 1 0
2
36 46 28 2 0 -1
43 46 14 2 0 2
haar_x4
-6.963510e-03 -1 -2
-5.207714e-01 -9.165523e-01 6.687570e-01 
-6.382381e-01

11
-1
