3
2
2
40 7 22 27 0 -1
51 7 11 27 0 2
haar_x2
3.138767e-02 1 0
3
6 12 26 12 0 -1
6 12 13 6 0 2
19 18 13 6 0 2
haar_x2_y2
-1.217732e-02 -1 -2
7.578748e-01 5.834725e-01 -7.059373e-01 
2
2
7 0 1 4 0 -1
7 1 1 2 0 2
haar_y4
2.970066e-05 1 0
2
0 19 1 2 0 -1
0 20 1 1 0 2
haar_y2
-5.535713e-05 -1 -2
-6.568291e-01 -5.716097e-01 7.072607e-01 
2
2
63 3 1 3 0 -1
63 4 1 1 0 3
haar_y3
-1.890791e-05 0 1
2
2 6 40 34 0 -1
12 6 20 34 0 2
haar_x4
-9.870904e-03 -1 -2
-6.360971e-01 8.219619e-01 -3.586865e-01 
-7.094536e-01

3
-1
