5
2
2
0 13 64 24 0 -1
16 13 32 24 0 2
haar_x4
-1.256608e-01 0 1
2
1 13 24 14 0 -1
7 13 12 14 0 2
haar_x4
-1.746307e-02 -1 -2
6.573496e-01 8.447205e-01 -6.246957e-01 
2
2
38 21 4 16 0 -1
38 21 2 16 0 2
tilted_haar_x2
-1.788313e-03 0 1
3
2 18 14 28 0 -1
2 18 7 14 0 2
9 32 7 14 0 2
haar_x2_y2
2.269996e-02 -1 -2
6.597574e-01 -5.832766e-01 8.666457e-01 
2
2
4 12 1 2 0 -1
4 13 1 1 0 2
haar_y2
1.069799e-05 1 0
2
61 3 2 1 0 -1
62 3 1 1 0 2
haar_x2
3.019516e-05 -1 -2
-5.770399e-01 6.990064e-01 -6.383009e-01 
2
2
12 29 52 15 0 -1
38 29 26 15 0 2
haar_x2
4.408897e-02 1 0
2
0 20 6 20 0 -1
3 20 3 20 0 2
haar_x2
5.661336e-03 -1 -2
7.475424e-01 -5.182707e-01 8.122818e-01 
2
2
20 20 18 14 0 -1
29 20 9 14 0 2
haar_x2
1.235891e-02 1 0
2
46 10 2 6 0 -1
46 10 2 3 0 2
tilted_haar_y2
4.570934e-04 -1 -2
8.684912e-01 -6.224682e-01 3.945160e-01 
-6.267216e-01

7
-1
