3
2
2
2 16 60 24 0 -1
17 16 30 24 0 2
haar_x4
-4.422761e-02 1 0
2
43 0 20 48 0 -1
43 24 20 24 0 2
haar_y2
1.596794e-01 -1 -2
-6.557727e-01 8.205876e-01 -8.050564e-01 
2
2
63 8 1 16 0 -1
63 8 1 8 0 2
tilted_haar_y2
7.402595e-04 1 0
2
15 34 29 4 0 -1
15 35 29 2 0 2
haar_y4
1.607383e-03 -1 -2
7.042888e-01 -6.979537e-01 9.193952e-01 
2
2
1 6 40 1 0 -1
1 6 20 1 0 2
tilted_haar_x2
-5.306088e-03 0 1
2
0 17 64 29 0 -1
32 17 32 29 0 2
haar_x2
-1.744750e-01 -1 -2
-7.243075e-01 -8.512494e-01 7.481639e-01 
-8.250750e-01

-1
-1
