5
2
2
2 8 51 39 0 -1
19 21 17 13 0 9
haar_point
-3.159511e-01 0 1
2
55 14 8 5 0 -1
59 14 4 5 0 2
haar_x2
4.042714e-03 -1 -2
7.228841e-01 -6.090106e-01 8.783777e-01 
2
2
8 44 6 1 0 -1
11 44 3 1 0 2
haar_x2
-2.552532e-05 0 1
2
3 13 24 27 0 -1
15 13 12 27 0 2
haar_x2
-2.805793e-03 -1 -2
-5.744591e-01 8.166716e-01 -3.779160e-01 
2
2
8 1 6 34 0 -1
10 1 2 34 0 3
haar_x3
2.771759e-03 1 0
2
49 44 2 1 0 -1
50 44 1 1 0 2
haar_x2
-5.727266e-05 -1 -2
-7.294893e-01 -6.362684e-01 6.624355e-01 
2
2
4 11 8 17 0 -1
8 11 4 17 0 2
haar_x2
-3.283341e-03 0 1
2
12 5 20 21 0 -1
12 12 20 7 0 3
haar_y3
1.745726e-02 -1 -2
6.300964e-01 -6.900685e-01 7.764811e-01 
2
2
6 0 48 20 0 -1
6 10 48 10 0 2
haar_y2
-6.296091e-02 0 1
2
25 2 20 8 0 -1
25 6 20 4 0 2
haar_y2
5.268404e-03 -1 -2
6.574592e-01 -7.604170e-01 7.525293e-01 
-6.513549e-01

2
-1
