5
2
2
5 0 9 1 0 -1
8 3 3 1 0 3
tilted_haar_x3
3.317411e-04 1 0
2
27 25 1 16 0 -1
27 33 1 8 0 2
haar_y2
3.087764e-03 -1 -2
5.448678e-01 -3.999608e-01 1.000009e+00 
2
2
19 36 13 9 0 -1
19 39 13 3 0 3
haar_y3
-4.768086e-03 0 1
2
1 16 1 21 0 -1
1 23 1 7 0 3
haar_y3
1.564330e-04 -1 -2
6.637966e-01 -5.696236e-01 3.550600e-01 
2
2
16 40 4 1 0 -1
17 40 2 1 0 2
haar_x4
-7.575491e-06 0 1
3
11 21 12 2 0 -1
11 21 6 1 0 2
17 22 6 1 0 2
haar_x2_y2
-4.585970e-04 -1 -2
-5.953482e-01 -4.415516e-01 6.311504e-01 
2
2
12 2 2 12 0 -1
12 2 1 12 0 2
tilted_haar_x2
-2.028783e-04 0 1
3
20 38 22 8 0 -1
20 38 11 4 0 2
31 42 11 4 0 2
haar_x2_y2
7.478952e-03 -1 -2
5.734999e-01 -5.251872e-01 8.793675e-01 
2
2
3 26 48 16 0 -1
15 26 24 16 0 2
haar_x4
-4.064626e-02 0 1
2
59 40 4 8 0 -1
60 40 2 8 0 2
haar_x4
-5.113008e-05 -1 -2
4.964746e-01 4.442311e-01 -7.126296e-01 
-7.010602e-01

17
-1
