4
2
2
0 3 26 34 0 -1
13 3 13 34 0 2
haar_x2
-3.717964e-02 0 1
2
0 32 14 8 0 -1
7 32 7 8 0 2
haar_x2
8.308051e-03 -1 -2
5.312867e-01 -7.979493e-01 8.493518e-01 
2
2
24 4 36 34 0 -1
33 4 18 34 0 2
haar_x4
-2.778095e-02 0 1
3
2 13 10 8 0 -1
2 13 5 4 0 2
7 17 5 4 0 2
haar_x2_y2
1.672978e-03 -1 -2
7.070521e-01 -7.166461e-01 8.294059e-01 
2
2
1 0 1 36 0 -1
1 18 1 18 0 2
haar_y2
-6.554056e-04 1 0
2
10 28 37 20 0 -1
10 38 37 10 0 2
haar_y2
6.070244e-02 -1 -2
5.574296e-01 -8.039843e-01 6.570942e-01 
2
3
2 7 32 4 0 -1
2 7 16 2 0 2
18 9 16 2 0 2
haar_x2_y2
1.917538e-03 1 0
3
1 18 8 28 0 -1
1 18 4 14 0 2
5 32 4 14 0 2
haar_x2_y2
9.951587e-03 -1 -2
7.675314e-01 -5.614423e-01 9.746429e-01 
-2.218123e-01

5
-1
