5
2
2
20 34 4 1 0 -1
22 34 2 1 0 2
haar_x2
-6.313652e-05 0 1
2
40 43 24 5 0 -1
46 43 12 5 0 2
haar_x4
1.791161e-04 -1 -2
-4.808698e-01 -1.312216e-01 8.253964e-01 
2
3
2 18 2 6 0 -1
2 18 1 3 0 2
3 21 1 3 0 2
haar_x2_y2
2.525260e-05 1 0
2
40 18 6 15 0 -1
42 18 2 15 0 3
haar_x3
-5.509731e-03 -1 -2
-4.762665e-01 -7.532237e-01 5.267484e-01 
2
3
40 9 14 2 0 -1
40 9 7 1 0 2
47 10 7 1 0 2
haar_x2_y2
-3.114335e-04 0 1
2
11 36 7 12 0 -1
11 39 7 6 0 2
haar_y4
4.377493e-03 -1 -2
6.528848e-01 -4.468046e-01 6.761654e-01 
2
2
48 2 3 1 0 -1
49 2 1 1 0 3
haar_x3
1.113980e-05 1 0
3
48 13 10 10 0 -1
48 13 5 5 0 2
53 18 5 5 0 2
haar_x2_y2
1.248023e-03 -1 -2
-6.710908e-01 -8.460261e-02 8.534170e-01 
2
2
37 0 17 6 0 -1
37 2 17 2 0 3
haar_y3
-1.443690e-03 0 1
3
5 26 22 20 0 -1
5 26 11 10 0 2
16 36 11 10 0 2
haar_x2_y2
2.568366e-02 -1 -2
6.989539e-01 -4.758542e-01 7.331982e-01 
-1.066547e+00

18
-1
